iterations: 85 params: [1.4666372364820022, 1.4125262201440718, 1.4882992782071263] best_run: 2068.11130619

iterations: 91 params: [1.4666372364820026, 1.4125262201440718, 1.4884252041156751] best_run: 319.927329063

